2.363320833344118554e+01 2.200000000009999823e+01
2.365849302435310975e+01 2.199215415204352908e+01
2.360792084527990298e+01 2.200784197217237192e+01
2.368377490863313639e+01 2.198430443288325264e+01
2.358263056925815704e+01 2.201568006338640160e+01
2.370905397690536276e+01 2.197645084750539368e+01
2.355733751477123405e+01 2.202351426887389962e+01
2.373433021980018154e+01 2.196859340080223078e+01
2.353204169122089340e+01 2.203134458377266824e+01
2.375960362795453662e+01 2.196073209767198620e+01
2.350674310801517919e+01 2.203917100322661327e+01
2.378487419201195152e+01 2.195286694301881880e+01
2.348144177456859438e+01 2.204699352238570498e+01
2.381014190262237307e+01 2.194499794175286311e+01
2.345613770030188761e+01 2.205481213640599236e+01
2.383540675044237034e+01 2.193712509879016537e+01
2.343083089464216684e+01 2.206262684044963862e+01
2.386066872613505652e+01 2.192924841905266931e+01
2.340552136702283903e+01 2.207043762968493539e+01
2.388592782037015283e+01 2.192136790746825881e+01
2.338020912688357456e+01 2.207824449928629917e+01
2.391118402382396368e+01 2.191348356897063709e+01
2.335489418367032499e+01 2.208604744443429624e+01
2.393643732717941930e+01 2.190559540849943332e+01
2.332957654683528403e+01 2.209384646031564614e+01
2.396168772112616452e+01 2.189770343100007466e+01
2.330425622583678802e+01 2.210164154212328569e+01
2.398693519636040605e+01 2.188980764142386803e+01
2.327893323013949711e+01 2.210943268505629078e+01
2.401217974358508656e+01 2.188190804472792550e+01
2.325360756921417504e+01 2.211721988431999364e+01
2.403742135350988818e+01 2.187400464587514293e+01
2.322827925253772463e+01 2.212500313512591177e+01
2.406266001685117217e+01 2.186609744983423553e+01
2.320294828959322686e+01 2.213278243269183321e+01
2.408789572433199311e+01 2.185818646157969525e+01
2.317761468986990181e+01 2.214055777224175969e+01
2.411312846668230137e+01 2.185027168609173387e+01
2.315227846286304825e+01 2.214832914900598482e+01
2.365776600149370523e+01 2.202908104196830408e+01
2.363247468456225775e+01 2.203692677846168735e+01
2.368305451060993860e+01 2.202123142570602710e+01
2.360718056920554986e+01 2.204476863030573597e+01
2.370834020252750562e+01 2.201337793456130498e+01
2.358188366481994436e+01 2.205260659262609124e+01
2.373362306786934184e+01 2.200552057342656553e+01
2.355658398080828775e+01 2.206044066055437369e+01
2.375890309726500504e+01 2.199765934720025129e+01
2.353128152657972194e+01 2.206827082922835004e+01
2.378418028135048701e+01 2.198979426078678046e+01
2.350597631154990808e+01 2.207609709379178042e+01
2.380945461076834491e+01 2.198192531909650427e+01
2.348066834514073520e+01 2.208391944939458540e+01
2.383472607616770489e+01 2.197405252704574963e+01
2.345535763678054053e+01 2.209173789119275710e+01
2.385999466820424075e+01 2.196617588955674094e+01
2.343004419590393184e+01 2.209955241434840900e+01
2.388526037754021658e+01 2.195829541155765341e+01
2.340472803195183360e+01 2.210736301402981852e+01
2.391052319484458977e+01 2.195041109798251711e+01
2.337940915437145861e+01 2.211516968541137729e+01
2.393578311079282983e+01 2.194252295377127737e+01
2.335408757261625468e+01 2.212297242367369421e+01
2.396104011606717421e+01 2.193463098386973797e+01
2.332876329614598632e+01 2.213077122400351016e+01
2.398629420135642931e+01 2.192673519322956466e+01
2.330343633442655360e+01 2.213856608159378325e+01
2.401154535735619078e+01 2.191883558680824606e+01
2.327810669693012713e+01 2.214635699164367821e+01
2.403679357476872269e+01 2.191093216956908307e+01
2.325277439313503081e+01 2.215414394935860187e+01
2.406203884430297180e+01 2.190302494648123144e+01
2.322743943252575960e+01 2.216192694995017476e+01
2.408728115667467762e+01 2.189511392251959165e+01
2.320210182459297243e+01 2.216970598863628794e+01
2.411252050260640090e+01 2.188719910266485158e+01
2.317676157883342469e+01 2.217748106064109237e+01
2.363394160034627944e+01 2.196307321847718796e+01
2.360866073591710190e+01 2.197091530384279068e+01
2.365921966870127946e+01 2.195522726579216055e+01
2.358337708479517758e+01 2.197875351701492264e+01
2.368449493160709096e+01 2.194737745066786516e+01
2.355809065636834987e+01 2.198658785312550279e+01
2.370976737969517600e+01 2.193952377799032760e+01
2.353280146003084639e+01 2.199441830731247904e+01
2.373503700360344837e+01 2.193166625265160974e+01
2.350750950518325055e+01 2.200224487471983892e+01
2.376030379397630199e+01 2.192380487954970292e+01
2.348221480123253002e+01 2.201006755049764863e+01
2.378556774146465358e+01 2.191593966358854573e+01
2.345691735759197627e+01 2.201788632980203175e+01
2.381082883672592132e+01 2.190807060967799558e+01
2.343161718368116908e+01 2.202570120779519769e+01
2.383608707042409236e+01 2.190019772273383225e+01
2.340631428892601207e+01 2.203351217964547715e+01
2.386134243322970860e+01 2.189232100767770817e+01
2.338100868275864030e+01 2.204131924052729019e+01
2.388659491581990224e+01 2.188444046943717325e+01
2.335570037461748427e+01 2.204912238562121729e+01
2.391184450887840640e+01 2.187655611294562519e+01
2.333038937394719170e+01 2.205692161011396379e+01
2.393709120309555516e+01 2.186866794314232720e+01
2.330507569019860981e+01 2.206471690919841322e+01
2.396233498916834392e+01 2.186077596497237252e+01
2.327975933282879595e+01 2.207250827807360238e+01
2.398757585780041524e+01 2.185288018338666660e+01
2.325444031130099987e+01 2.208029571194478535e+01
2.401281379970210850e+01 2.184498060334192360e+01
2.322911863508454999e+01 2.208807920602341213e+01
2.403804880559043866e+01 2.183707722980062726e+01
2.320379431365499912e+01 2.209585875552713219e+01
2.406328086618913886e+01 2.182917006773106650e+01
2.317846735649398937e+01 2.210363435567986201e+01
2.408850997222870660e+01 2.182125912210726781e+01
2.315313777308918475e+01 2.211140600171174242e+01
2.365703859982752633e+01 2.206600790487166108e+01
2.368233373724456925e+01 2.205815839844146353e+01
2.363174065341120667e+01 2.207385352286738112e+01
2.370762605627136921e+01 2.205030500846338271e+01
2.360643990739302467e+01 2.208169524754803348e+01
2.373291554752346855e+01 2.204244773983003824e+01
2.358113637117687489e+01 2.208953307403907473e+01
2.375820220162288265e+01 2.203458659744009296e+01
2.355583005417302545e+01 2.209736699747210764e+01
2.378348600919818168e+01 2.202672158619814624e+01
2.353052096579821040e+01 2.210519701298471063e+01
2.380876696088448341e+01 2.201885271101482644e+01
2.350520911547549119e+01 2.211302311572062962e+01
2.383404504732341422e+01 2.201097997680668072e+01
2.347989451263437033e+01 2.212084530082968215e+01
2.385932025916327248e+01 2.200310338849622482e+01
2.345457716671064219e+01 2.212866356346782837e+01
2.388459258705888644e+01 2.199522295101191105e+01
2.342925708714646760e+01 2.213647789879714267e+01
2.390986202167173502e+01 2.198733866928807856e+01
2.340393428339027437e+01 2.214428830198590603e+01
2.393512855366992653e+01 2.197945054826499245e+01
2.337860876489684614e+01 2.215209476820852075e+01
2.396039217372823771e+01 2.197155859288879043e+01
2.335328054112714469e+01 2.215989729264560637e+01
2.398565287252810663e+01 2.196366280811150418e+01
2.332794962154847340e+01 2.216769587048394641e+01
2.401091064075770021e+01 2.195576319889098826e+01
2.330261601563432450e+01 2.217549049691657004e+01
2.403616546911187513e+01 2.194785977019095213e+01
2.327727973286440744e+01 2.218328116714270948e+01
2.406141734829221335e+01 2.193995252698093879e+01
2.325194078272459919e+01 2.219106787636785327e+01
2.408666626900711094e+01 2.193204147423628569e+01
2.322659917470699398e+01 2.219885061980374985e+01
2.411191222197169637e+01 2.192412661693812126e+01
2.320125491830978248e+01 2.220662939266842173e+01
2.360940024141786253e+01 2.193398865601191616e+01
2.363467448557554462e+01 2.192614646428806680e+01
2.358412321173446102e+01 2.194182698420656763e+01
2.365994593483355146e+01 2.191830041390899453e+01
2.355884340590571568e+01 2.194966144400413199e+01
2.368521457982433986e+01 2.191045050975456476e+01
2.353356083331840054e+01 2.195749203054269927e+01
2.371048041118681127e+01 2.190259675671065764e+01
2.350827550336561700e+01 2.196531873896635290e+01
2.373574341956630818e+01 2.189473915966912188e+01
2.348298742544677609e+01 2.197314156442525501e+01
2.376100359561471365e+01 2.188687772352767524e+01
2.345769660896774766e+01 2.198096050207562513e+01
2.378626092999032338e+01 2.187901245319004317e+01
2.343240306334060818e+01 2.198877554707973303e+01
2.381151541335802335e+01 2.187114335356578820e+01
2.340710679798371530e+01 2.199658669460594851e+01
2.383676703638921524e+01 2.186327042957038813e+01
2.338180782232173271e+01 2.200439393982872360e+01
2.386201578976184834e+01 2.185539368612522182e+01
2.335650614578553430e+01 2.201219727792865299e+01
2.388726166416045515e+01 2.184751312815749458e+01
2.333120177781226090e+01 2.201999670409243137e+01
2.391250465027619398e+01 2.183962876060026304e+01
2.330589472784523508e+01 2.202779221351293160e+01
2.393774473880674591e+01 2.183174058839246712e+01
2.328058500533398245e+01 2.203558380138913719e+01
2.396298192045656705e+01 2.182384861647876306e+01
2.325527261973417126e+01 2.204337146292625604e+01
2.398821618593662208e+01 2.181595284980972593e+01
2.322995758050764792e+01 2.205115519333564222e+01
2.401344752596466137e+01 2.180805329334161513e+01
2.320463989712237307e+01 2.205893498783488127e+01
2.403867593126506819e+01 2.180014995203652006e+01
2.317931957905242157e+01 2.206671084164775465e+01
2.406390139256892624e+01 2.179224283086226421e+01
2.315399663577795764e+01 2.207448275000428595e+01
2.368161258824384063e+01 2.209508532039485118e+01
2.365631081905865329e+01 2.210293471005889643e+01
2.370691153784652982e+01 2.208723203851698713e+01
2.363100623968940894e+01 2.211078020262236166e+01
2.373220765847477054e+01 2.207937486931810511e+01
2.360569885954102176e+01 2.211862179320452526e+01
2.375750094074313878e+01 2.207151381769703491e+01
2.358038868802486476e+01 2.212645947693074788e+01
2.378279137527270848e+01 2.206364888855859263e+01
2.355507573455873072e+01 2.213429324893249017e+01
2.380807895269111896e+01 2.205578008681362334e+01
2.352976000856683925e+01 2.214212310434727726e+01
2.383336366363262471e+01 2.204790741737893001e+01
2.350444151947980131e+01 2.214994903831875916e+01
2.385864549873800655e+01 2.204003088517728770e+01
2.347912027673459079e+01 2.215777104599672498e+01
2.388392444865464626e+01 2.203215049513738677e+01
2.345379628977459063e+01 2.216558912253706737e+01
2.390920050403664376e+01 2.202426625219390743e+01
2.342846956804942948e+01 2.217340326310190335e+01
2.393447365554461470e+01 2.201637816128740255e+01
2.340314012101511310e+01 2.218121346285947482e+01
2.395974389384597103e+01 2.200848622736434734e+01
2.337780795813394974e+01 2.218901971698420184e+01
2.398501120961470434e+01 2.200059045537710389e+01
2.335247308887447915e+01 2.219682202065674304e+01
2.401027559353158836e+01 2.199269085028389625e+01
2.332713552271153290e+01 2.220462036906394943e+01
2.403553703628407590e+01 2.198478741704882111e+01
2.330179526912617405e+01 2.221241475739890703e+01
2.406079552856637704e+01 2.197688016064179806e+01
2.327645233760567223e+01 2.222020518086094398e+01
2.408605106107943428e+01 2.196896908603860155e+01
2.325110673764351077e+01 2.222799163465564476e+01
2.411130362453102904e+01 2.196105419822077920e+01
2.322575847873932275e+01 2.223577411399488923e+01
2.413655320963567874e+01 2.195313550217570864e+01
2.320040757039890522e+01 2.224355261409683138e+01
2.361013936208255970e+01 2.189706205937452310e+01
2.358486895037908226e+01 2.190490049565618946e+01
2.363540698942665941e+01 2.188921976822739168e+01
2.355959576368917752e+01 2.191273507220471117e+01
2.366067182304489691e+01 2.188137362708857836e+01
2.353431981139207352e+01 2.192056578415823864e+01
2.368593385357716841e+01 2.187352364083779932e+01
2.350904110287344650e+01 2.192839262666105071e+01
2.371119307166982537e+01 2.186566981436070023e+01
2.348375964752528589e+01 2.193621559486340900e+01
2.373644946797565680e+01 2.185781215254888465e+01
2.345847545474588713e+01 2.194403468392160761e+01
2.376170303315395671e+01 2.184995066029983235e+01
2.343318853393982693e+01 2.195184988899800516e+01
2.378695375787044952e+01 2.184208534251701295e+01
2.340789889451802352e+01 2.195966120526101761e+01
2.381220163279747482e+01 2.183421620410967279e+01
2.338260654589759824e+01 2.196746862788514676e+01
2.383744664861380258e+01 2.182634324999303388e+01
2.335731149750193580e+01 2.197527215205101214e+01
2.386268879600481796e+01 2.181846648508811981e+01
2.333201375876063821e+01 2.198307177294531556e+01
2.388792806566246085e+01 2.181058591432181970e+01
2.330671333910954957e+01 2.199086748576090145e+01
2.391316444828521881e+01 2.180270154262685978e+01
2.328141024799062464e+01 2.199865928569676399e+01
2.393839793457826914e+01 2.179481337494174298e+01
2.325610449485201414e+01 2.200644716795801514e+01
2.396362851525336168e+01 2.178692141621080935e+01
2.323079608914803984e+01 2.201423112775598412e+01
2.398885618102888273e+01 2.177902567138418277e+01
2.320548504033907378e+01 2.202201116030816408e+01
2.401408092262993677e+01 2.177112614541772473e+01
2.318017135789167327e+01 2.202978726083823702e+01
2.403930273078826829e+01 2.176322284327308410e+01
2.315485505127843524e+01 2.203755942457611994e+01
2.406452159624232578e+01 2.175531576991762606e+01
2.312953612997801400e+01 2.204532764675794354e+01
2.368089106331427018e+01 2.213201216087177414e+01
2.370619664696220852e+01 2.212415899402774500e+01
2.365558265889087863e+01 2.213986142683559777e+01
2.373149940043521511e+01 2.211630193119637866e+01
2.363027144309794281e+01 2.214770678703223084e+01
2.375679931434042658e+01 2.210844097727676072e+01
2.360495742534788377e+01 2.215554823658090200e+01
2.378209637929141351e+01 2.210057613717387426e+01
2.357964061505956721e+01 2.216338577060682269e+01
2.380739058590839363e+01 2.209270741579877750e+01
2.355432102165831054e+01 2.217121938424135408e+01
2.383268192481810388e+01 2.208483481806849724e+01
2.352899865457585449e+01 2.217904907262194669e+01
2.385797038665389636e+01 2.207695834890605369e+01
2.350367352325032400e+01 2.218687483089220791e+01
2.388325596205572765e+01 2.206907801324042495e+01
2.347834563712620692e+01 2.219469665420191973e+01
2.390853864167018372e+01 2.206119381600653639e+01
2.345301500565442154e+01 2.220251453770692152e+01
2.393381841615054029e+01 2.205330576214525706e+01
2.342768163829217087e+01 2.221032847656930542e+01
2.395909527615669887e+01 2.204541385660338548e+01
2.340234554450298532e+01 2.221813846595735242e+01
2.398436921235530050e+01 2.203751810433360347e+01
2.337700673375670490e+01 2.222594450104551811e+01
2.400964021541963689e+01 2.202961851029449392e+01
2.335166521552945440e+01 2.223374657701450019e+01
2.403490827602978541e+01 2.202171507945051943e+01
2.332632099930363623e+01 2.224154468905119586e+01
2.406017338487256296e+01 2.201380781677199394e+01
2.330097409456784874e+01 2.224933883234880838e+01
2.408543553264152237e+01 2.200589672723506851e+01
2.327562451081697503e+01 2.225712900210673695e+01
2.411069471003697018e+01 2.199798181582173129e+01
2.325027225755204086e+01 2.226491519353071169e+01
2.413595090776614427e+01 2.199006308751978978e+01
2.322491734428029631e+01 2.227269740183271551e+01
2.358561430103183554e+01 2.186797408205840654e+01
2.361087809821126982e+01 2.186013554462510555e+01
2.356034773002415150e+01 2.187580876842185518e+01
2.363613911219700370e+01 2.185229316098950392e+01
2.353507839456005257e+01 2.188363959885383636e+01
2.366139733362998143e+01 2.184444693602521070e+01
2.350980630401769744e+01 2.189146656849871420e+01
2.368665275315755281e+01 2.183659687461166499e+01
2.348453146778161127e+01 2.189928967250687464e+01
2.371190536143349803e+01 2.182874298163434190e+01
2.345925389524261107e+01 2.190710890603472905e+01
2.373715514911803126e+01 2.182088526198460343e+01
2.343397359579781281e+01 2.191492426424472129e+01
2.376240210687787169e+01 2.181302372055965577e+01
2.340869057885062077e+01 2.192273574230534550e+01
2.378764622538619733e+01 2.180515836226265591e+01
2.338340485381063161e+01 2.193054333539114253e+01
2.381288749532271964e+01 2.179728919200261217e+01
2.335811643009380845e+01 2.193834703868277458e+01
2.383812590737363024e+01 2.178941621469439482e+01
2.333282531712220020e+01 2.194614684736696120e+01
2.386336145223168614e+01 2.178153943525873615e+01
2.330753152432408726e+01 2.195394275663654682e+01
2.388859412059625953e+01 2.177365885862213091e+01
2.328223506113397079e+01 2.196173476169049366e+01
2.391382390317322049e+01 2.176577448971697137e+01
2.325693593699247330e+01 2.196952285773391367e+01
2.393905079067510755e+01 2.175788633348136969e+01
2.323163416134634929e+01 2.197730703997806856e+01
2.396427477382107085e+01 2.174999439485926445e+01
2.320632974364847811e+01 2.198508730364036623e+01
2.398949584333681528e+01 2.174209867880039226e+01
2.318102269335782495e+01 2.199286364394443183e+01
2.401471398995485629e+01 2.173419919026014213e+01
2.315571301993949049e+01 2.200063605612005802e+01
2.403992920441425696e+01 2.172629593419973659e+01
2.313040073286450493e+01 2.200840453540326536e+01
2.370548138332729238e+01 2.216108584430152817e+01
2.368016916216205914e+01 2.216893888917818600e+01
2.373079077311643559e+01 2.215322889477081958e+01
2.365485411902767865e+01 2.217678802450772579e+01
2.375609732212907588e+01 2.214536804548523463e+01
2.362953626333756674e+01 2.218463324540305592e+01
2.378140102097137998e+01 2.213750330135000155e+01
2.360421560451165490e+01 2.219247454698327360e+01
2.380670186025602675e+01 2.212963466727635264e+01
2.357889215197631572e+01 2.220031192437351564e+01
2.383199983060233151e+01 2.212176214818155273e+01
2.355356591516438769e+01 2.220814537270504374e+01
2.385729492263615725e+01 2.211388574898883519e+01
2.352823690351511843e+01 2.221597488711528712e+01
2.388258712698998565e+01 2.210600547462741972e+01
2.350290512647418595e+01 2.222380046274776078e+01
2.390787643430301657e+01 2.209812133003254431e+01
2.347757059349363473e+01 2.223162209475218987e+01
2.393316283522102950e+01 2.209023332014533736e+01
2.345223331403186151e+01 2.223943977828450258e+01
2.395844632039651145e+01 2.208234144991289227e+01
2.342689329755367211e+01 2.224725350850673422e+01
2.398372688048865697e+01 2.207444572428822838e+01
2.340155055353013935e+01 2.225506328058718353e+01
2.400900450616333259e+01 2.206654614823026250e+01
2.337620509143865632e+01 2.226286908970038780e+01
2.403427918809322250e+01 2.205864272670380544e+01
2.335085692076289021e+01 2.227067093102709805e+01
2.405955091695769710e+01 2.205073546467954770e+01
2.332550605099285335e+01 2.227846879975427186e+01
2.408481968344291957e+01 2.204282436713404181e+01
2.330015249162473268e+01 2.228626269107518354e+01
2.411008547824183523e+01 2.203490943904967381e+01
2.327479625216094661e+01 2.229405260018938861e+01
2.413534829205426391e+01 2.202699068541468108e+01
2.324943734211014146e+01 2.230183852230272379e+01
2.358635926399517402e+01 2.183104777410743935e+01
2.356109930521585838e+01 2.183888256334995503e+01
2.361161645010377086e+01 2.182320914245778098e+01
2.353583658313021232e+01 2.184671350532392253e+01
2.363687085418364475e+01 2.181536667326836820e+01
2.351057110710891251e+01 2.185454059517380898e+01
2.366212246688317578e+01 2.180752037141260402e+01
2.348530288652904829e+01 2.186236382805017797e+01
2.368737127885715665e+01 2.179967024176973212e+01
2.346003193077393689e+01 2.187018319910953323e+01
2.371261728076678565e+01 2.179181628922495406e+01
2.343475824923326556e+01 2.187799870351444298e+01
2.373786046327972699e+01 2.178395851866935118e+01
2.340948185130287129e+01 2.188581033643343687e+01
2.376310081707009303e+01 2.177609693499990584e+01
2.338420274638497887e+01 2.189361809304117656e+01
2.378833833281846921e+01 2.176823154311949438e+01
2.335892094388793794e+01 2.190142196851832779e+01
2.381357300121195308e+01 2.176036234793679469e+01
2.333363645322637225e+01 2.190922195805165984e+01
2.383880481294417919e+01 2.175248935436635733e+01
2.330834928382104820e+01 2.191701805683403492e+01
2.386403375871529420e+01 2.174461256732854508e+01
2.328305944509892456e+01 2.192481026006438682e+01
2.388925982923200309e+01 2.173673199174955428e+01
2.325776694649312759e+01 2.193259856294783816e+01
2.391448301520761532e+01 2.172884763256133667e+01
2.323247179744289070e+01 2.194038296069557958e+01
2.393970330736199514e+01 2.172095949470166332e+01
2.320717400739355796e+01 2.194816344852499412e+01
2.396492069642167166e+01 2.171306758311403584e+01
2.318187358579657698e+01 2.195594002165960035e+01
2.399013517311975718e+01 2.170517190274774322e+01
2.315657054210947763e+01 2.196371267532913052e+01
2.401534672819605021e+01 2.169727245855778008e+01
2.313126488579579032e+01 2.197148140476947731e+01
2.370476574665040204e+01 2.219801255864478051e+01
2.373008177622973136e+01 2.219015572934778646e+01
2.367944688449309609e+01 2.220586547462056970e+01
2.375539496382317139e+01 2.218229499162886142e+01
2.365412519917222767e+01 2.221371447238184871e+01
2.378070530002936422e+01 2.217443035039339705e+01
2.362880070010873723e+01 2.222155954704149394e+01
2.380601277545354577e+01 2.216656181055282460e+01
2.360347339673006317e+01 2.222940069371844984e+01
2.383131738070750671e+01 2.215868937702460428e+01
2.357814329847010981e+01 2.223723790753778218e+01
2.385661910640969907e+01 2.215081305473221818e+01
2.355281041476923320e+01 2.224507118363067448e+01
2.388191794318512606e+01 2.214293284860512401e+01
2.352747475507422337e+01 2.225290051713449913e+01
2.390721388166549133e+01 2.213504876357877649e+01
2.350213632883826875e+01 2.226072590319281730e+01
2.393250691248915629e+01 2.212716080459462020e+01
2.347679514552098823e+01 2.226854733695525468e+01
2.395779702630116859e+01 2.211926897660002922e+01
2.345145121458832449e+01 2.227636481357776432e+01
2.398308421375324784e+01 2.211137328454832129e+01
2.342610454551261512e+01 2.228417832822241706e+01
2.400836846550388159e+01 2.210347373339875787e+01
2.340075514777251442e+01 2.229198787605754006e+01
2.403364977221828980e+01 2.209557032811648014e+01
2.337540303085298987e+01 2.229979345225770260e+01
2.405892812456841767e+01 2.208766307367254456e+01
2.335004820424530436e+01 2.230759505200373383e+01
2.408420351323303876e+01 2.207975197504388021e+01
2.332469067744699132e+01 2.231539267048271213e+01
2.410947592889771940e+01 2.207183703721327461e+01
2.329933045996186181e+01 2.232318630288799000e+01
2.413474536225480449e+01 2.206391826516938082e+01
2.327396756129990152e+01 2.233097594441927569e+01
2.356185048956912809e+01 2.180195648768280847e+01
2.358710383957124890e+01 2.179412160249693287e+01
2.353659437741006499e+01 2.180978753426239081e+01
2.361235441805950686e+01 2.178628288356602738e+01
2.351133551245733244e+01 2.181761473738036727e+01
2.363760221568333364e+01 2.177844033575730265e+01
2.348607390408050577e+01 2.182543809218741515e+01
2.366284722309854516e+01 2.177059396394388813e+01
2.346080956165551612e+01 2.183325759384020159e+01
2.368808943096735220e+01 2.176274377300483920e+01
2.343554249456447991e+01 2.184107323750133745e+01
2.371332882995838176e+01 2.175488976782510164e+01
2.341027271219584449e+01 2.184888501833950869e+01
2.373856541074671256e+01 2.174703195329547611e+01
2.338500022394430999e+01 2.185669293152942316e+01
2.376379916401386083e+01 2.173917033431267498e+01
2.335972503921074761e+01 2.186449697225181410e+01
2.378903008044781942e+01 2.173130491577925838e+01
2.333444716740232039e+01 2.187229713569351119e+01
2.381425815074308616e+01 2.172343570260360579e+01
2.330916661793223454e+01 2.188009341704735888e+01
2.383948336560066750e+01 2.171556269969991249e+01
2.328388340022002367e+01 2.188788581151235491e+01
2.386470571572812105e+01 2.170768591198818598e+01
2.325859752369122546e+01 2.189567431429355437e+01
2.388992519183950947e+01 2.169980534439427089e+01
2.323330899777761971e+01 2.190345892060216570e+01
2.391514178465551765e+01 2.169192100184972105e+01
2.320801783191699741e+01 2.191123962565549732e+01
2.394035548490337817e+01 2.168403288929190609e+01
2.318272403555329220e+01 2.191901642467703226e+01
2.396556628331696714e+01 2.167614101166391194e+01
2.315742761813647732e+01 2.192678931289639266e+01
2.399077417063677231e+01 2.166824537391455863e+01
2.313212858912258341e+01 2.193455828554938947e+01
2.372937240948616733e+01 2.222708240423436266e+01
2.370404973663987747e+01 2.223493910636467774e+01
2.375469223913643546e+01 2.221922178501462497e+01
2.367872423001297122e+01 2.224279188650611161e+01
2.378000921618185259e+01 2.221135725361103752e+01
2.365339589902738737e+01 2.225064073976525947e+01
2.380532333122013000e+01 2.220348881493517013e+01
2.362806475311159460e+01 2.225848566125495864e+01
2.383063457485559766e+01 2.219561647390468551e+01
2.360273080170053461e+01 2.226632664609396883e+01
2.385594293769918650e+01 2.218774023544326823e+01
2.357739405423564705e+01 2.227416368940730962e+01
2.388124841036848878e+01 2.217986010448062473e+01
2.355205452016481615e+01 2.228199678632618586e+01
2.390655098348769414e+01 2.217197608595244773e+01
2.352671220894237436e+01 2.228982593198785267e+01
2.393185064768773529e+01 2.216408818480044118e+01
2.350136713002907385e+01 2.229765112153581441e+01
2.395714739360617429e+01 2.215619640597225981e+01
2.347601929289204747e+01 2.230547235011981044e+01
2.398244121188733402e+01 2.214830075442151980e+01
2.345066870700483364e+01 2.231328961289570856e+01
2.400773209318222357e+01 2.214040123510779168e+01
2.342531538184731943e+01 2.232110290502565064e+01
2.403302002814862348e+01 2.213249785299656480e+01
2.339995932690573355e+01 2.232891222167800294e+01
2.405830500745107869e+01 2.212459061305922603e+01
2.337460055167261075e+01 2.233671755802741643e+01
2.408358702176095534e+01 2.211667952027308459e+01
2.334923906564679541e+01 2.234451890925479489e+01
2.410886606175635549e+01 2.210876457962131170e+01
2.332387487833343798e+01 2.235231627054729486e+01
2.356260128338849213e+01 2.176503057211356307e+01
2.353735177770686704e+01 2.177286171636256285e+01
2.358784802806189873e+01 2.175719559791987479e+01
2.351209952037287820e+01 2.178068902581183863e+01
2.361309200237762340e+01 2.174935679864263349e+01
2.348684452074865092e+01 2.178851249561216363e+01
2.363833319699252300e+01 2.174151417914881890e+01
2.346158678820262011e+01 2.179633212092033290e+01
2.366357160256984216e+01 2.173366774431134019e+01
2.343632633210949123e+01 2.180414789689911359e+01
2.368880720977920262e+01 2.172581749900903603e+01
2.341106316185024028e+01 2.181195981871729828e+01
2.371404000929665656e+01 2.171796344812652890e+01
2.338579728681204983e+01 2.181976788154965163e+01
2.373926999180466879e+01 2.171010559655441341e+01
2.336052871638839434e+01 2.182757208057703124e+01
2.376449714799217361e+01 2.170224394918905020e+01
2.333525745997884115e+01 2.183537241098624904e+01
2.378972146855457126e+01 2.169437851093266900e+01
2.330998352698921039e+01 2.184316886797024893e+01
2.381494294419372437e+01 2.168650928669337574e+01
2.328470692683146126e+01 2.185096144672801088e+01
2.384016156561803257e+01 2.167863628138499621e+01
2.325942766892369207e+01 2.185875014246461490e+01
2.386537732354240404e+01 2.167075949992720041e+01
2.323414576269015441e+01 2.186653495039124451e+01
2.389059020868830885e+01 2.166287894724538887e+01
2.320886121756109688e+01 2.187431586572516906e+01
2.391580021178378601e+01 2.165499462827074595e+01
2.318357404297297464e+01 2.188209288368982897e+01
2.394100732356340799e+01 2.164710654794023625e+01
2.315828424836820076e+01 2.188986599951477885e+01
2.372866267259645312e+01 2.226400888873831008e+01
2.375398914778234882e+01 2.225614839495027297e+01
2.370333335300368915e+01 2.227186545676902441e+01
2.377931276914501524e+01 2.224828398031059251e+01
2.367800119842695850e+01 2.227971809414280102e+01
2.380463352727466741e+01 2.224041564973100904e+01
2.365266621829572102e+01 2.228756679596617118e+01
2.382995141276817819e+01 2.223254340812941621e+01
2.362732842204596295e+01 2.229541155735178037e+01
2.385526641622895738e+01 2.222466726042964069e+01
2.360198781912016130e+01 2.230325237341838829e+01
2.388057852826712590e+01 2.221678721156163760e+01
2.357664441896728746e+01 2.231108923929093990e+01
2.390588773949941981e+01 2.220890326646132706e+01
2.355129823104277875e+01 2.231892215010055125e+01
2.393119404054924715e+01 2.220101543007063327e+01
2.352594926480849935e+01 2.232675110098451654e+01
2.395649742204678745e+01 2.219312370733752715e+01
2.350059752973276872e+01 2.233457608708630104e+01
2.398179787462884960e+01 2.218522810321589134e+01
2.347524303529028344e+01 2.234239710355562281e+01
2.400709538893901396e+01 2.217732862266559835e+01
2.344988579096214565e+01 2.235021414554841357e+01
2.403238995562764657e+01 2.216942527065245372e+01
2.342452580623578484e+01 2.235802720822688983e+01
2.405768156535183877e+01 2.216151805214819959e+01
2.339916309060505739e+01 2.236583628675940716e+01
2.408297020877549599e+01 2.215360697213046848e+01
2.337379765357005112e+01 2.237364137632074090e+01
2.410825587656934843e+01 2.214569203558283306e+01
2.334842950463720967e+01 2.238144247209187654e+01
2.353810878432753029e+01 2.173593608231700358e+01
2.356335168697815519e+01 2.172810484733450664e+01
2.351286313116516524e+01 2.174376349116093010e+01
2.358859182976865299e+01 2.172026979106838951e+01
2.348761473684573886e+01 2.175158706901721928e+01
2.361382920335695346e+01 2.171243091837947858e+01
2.346236361073026444e+01 2.175940681104290064e+01
2.363906379840735994e+01 2.170458823413457949e+01
2.343710976218598674e+01 2.176722271240083728e+01
2.366429560559051737e+01 2.169674174320635274e+01
2.341185320058643171e+01 2.177503476825994611e+01
2.368952461558346911e+01 2.168889145047337053e+01
2.338659393531129993e+01 2.178284297379507706e+01
2.371475081906967119e+01 2.168103736081998889e+01
2.336133197574656606e+01 2.179064732418714812e+01
2.373997420673899583e+01 2.167317947913648624e+01
2.333606733128440069e+01 2.179844781462311332e+01
2.376519476928775276e+01 2.166531781031898163e+01
2.331080001132308865e+01 2.180624444029590592e+01
2.379041249741872477e+01 2.165745235926936374e+01
2.328553002526711779e+01 2.181403719640454852e+01
2.381562738184117833e+01 2.164958313089532993e+01
2.326025738252705466e+01 2.182182607815413178e+01
2.384083941327087075e+01 2.164171013011041111e+01
2.323498209251967950e+01 2.182961108075583923e+01
2.386604858243009630e+01 2.163383336183385453e+01
2.320970416466777309e+01 2.183739219942693666e+01
2.389125488004767561e+01 2.162595283099070187e+01
2.318442360840022687e+01 2.184516942939080053e+01
2.391645829685898406e+01 2.161806854251173249e+01
2.315914043315196835e+01 2.185294276587694640e+01
2.375328568947405117e+01 2.229307479074442355e+01
2.372795256527103902e+01 2.230093515216842093e+01
2.377861595863473809e+01 2.228521049980060909e+01
2.370261659544955535e+01 2.230879157916675837e+01
2.380394336333582217e+01 2.227734228424889551e+01
2.367727778944003703e+01 2.231664406683973212e+01
2.382926789416661606e+01 2.226947014900725108e+01
2.365193615667946858e+01 2.232449261029374910e+01
2.385458954172308310e+01 2.226159409899976538e+01
2.362659170661135732e+01 2.233233720464136951e+01
2.387990829660783376e+01 2.225371413915656760e+01
2.360124444868572979e+01 2.234017784500132464e+01
2.390522414943013985e+01 2.224583027441382299e+01
2.357589439235909623e+01 2.234801452649847420e+01
2.393053709080595581e+01 2.223794250971370445e+01
2.355054154709444347e+01 2.235584724426391290e+01
2.395584711135794009e+01 2.223005085000440317e+01
2.352518592236119943e+01 2.236367599343491719e+01
2.398115420171547640e+01 2.222215530024010022e+01
2.349982752763523308e+01 2.237150076915495589e+01
2.400645835251470217e+01 2.221425586538094876e+01
2.347446637239880829e+01 2.237932156657381455e+01
2.403175955439847300e+01 2.220635255039305989e+01
2.344910246614061933e+01 2.238713838084737873e+01
2.405705779801648703e+01 2.219844536024850967e+01
2.342373581835567720e+01 2.239495120713795373e+01
2.408235307402522452e+01 2.219053429992527882e+01
2.339836643854539844e+01 2.240276004061399817e+01
2.353886539757862195e+01 2.169901066281723345e+01
2.351362634514344307e+01 2.170683816411935041e+01
2.356410170064203413e+01 2.169117934403704950e+01
2.348838455268376180e+01 2.171466184309458924e+01
2.358933524499271073e+01 2.168334421263354983e+01
2.346314002955310585e+01 2.172248169490002212e+01
2.361456602129602445e+01 2.167550527346741163e+01
2.343789278511132324e+01 2.173029771469875726e+01
2.363979402022367182e+01 2.166766253140511012e+01
2.341264282872444724e+01 2.173810989765979329e+01
2.366501923245371941e+01 2.165981599131913171e+01
2.338739016976475682e+01 2.174591823895811515e+01
2.369024164867061799e+01 2.165196565808770757e+01
2.336213481761077304e+01 2.175372273377474741e+01
2.371546125956520967e+01 2.164411153659499476e+01
2.333687678164712054e+01 2.176152337729665476e+01
2.374067805583475632e+01 2.163625363173094129e+01
2.331161607126469804e+01 2.176932016471690901e+01
2.376589202818297508e+01 2.162839194839127188e+01
2.328635269586045453e+01 2.177711309123453631e+01
2.379110316732000285e+01 2.162052649147764072e+01
2.326108666483753851e+01 2.178490215205467351e+01
2.381631146396249221e+01 2.161265726589734015e+01
2.323581798760516648e+01 2.179268734238849348e+01
2.384151690883357233e+01 2.160478427656351386e+01
2.321054667357863721e+01 2.180046865745325135e+01
2.386671949266286319e+01 2.159690752839508932e+01
2.318527273217936369e+01 2.180824609247231649e+01
2.375258186392441928e+01 2.233000094170679617e+01
2.377791878436662287e+01 2.232213678139068591e+01
2.372724208722004136e+01 2.233786116383451414e+01
2.380325283912184631e+01 2.231426868779820083e+01
2.370189946368487455e+01 2.234571744286788331e+01
2.382858401877193089e+01 2.230639666584755076e+01
2.367655400275687327e+01 2.235356977390706135e+01
2.385391231390532241e+01 2.229852072046295675e+01
2.365120571388055737e+01 2.236141815205838057e+01
2.387923771511712800e+01 2.229064085657473271e+01
2.362585460650698010e+01 2.236926257243438343e+01
2.390456021300913747e+01 2.228275707911927128e+01
2.360050069009370688e+01 2.237710303015366264e+01
2.392987979818981614e+01 2.227486939303896207e+01
2.357514397410480456e+01 2.238493952034108858e+01
2.395519646127434044e+01 2.226697780328223075e+01
2.354978446801080949e+01 2.239277203812773820e+01
2.398051019288464047e+01 2.225908231480354260e+01
2.352442218128872398e+01 2.240060057865086307e+01
2.400582098364936101e+01 2.225118293256330659e+01
2.349905712342198427e+01 2.240842513705397110e+01
2.403112882420396090e+01 2.224327966152796776e+01
2.347368930390043218e+01 2.241624570848684428e+01
2.405643370519063851e+01 2.223537250666987219e+01
2.344831873222033991e+01 2.242406228810545699e+01
2.351438916261669831e+01 2.166991307537791300e+01
2.353962161776642859e+01 2.166208548855377103e+01
2.348915396857434246e+01 2.167773684853516158e+01
2.356485132468370836e+01 2.165425409291142600e+01
2.346391604498548844e+01 2.168555680318284828e+01
2.359007827403498680e+01 2.164641889330537694e+01
2.343867540120249515e+01 2.169337293448415593e+01
2.361530245649304405e+01 2.163857989459605591e+01
2.341343204658400623e+01 2.170118523760829632e+01
2.364052386273699113e+01 2.163073710164976404e+01
2.338818599049482927e+01 2.170899370773034320e+01
2.366574248345229492e+01 2.162289051933865025e+01
2.336293724230602109e+01 2.171679834003143483e+01
2.369095830933080293e+01 2.161504015254070765e+01
2.333768581139478115e+01 2.172459912969863893e+01
2.371617133107074338e+01 2.160718600613977713e+01
2.331243170714448354e+01 2.173239607192506284e+01
2.374138153937676421e+01 2.159932808502549051e+01
2.328717493894467694e+01 2.174018916190983930e+01
2.376658892495995090e+01 2.159146639409329893e+01
2.326191551619094611e+01 2.174797839485807671e+01
2.379179347853782645e+01 2.158360093824442671e+01
2.323665344828509660e+01 2.175576376598102968e+01
2.381699519083440819e+01 2.157573172238581805e+01
2.321138874463492030e+01 2.176354527049592846e+01
2.377722124605594090e+01 2.235906279439149102e+01
2.375187767084599599e+01 2.236692681714824005e+01
2.380256195435080713e+01 2.235119482968959304e+01
2.372653123815328868e+01 2.237478689304763080e+01
2.382789978630489713e+01 2.234332292796081987e+01
2.370118195741673262e+01 2.238264301718362148e+01
2.385323473249917114e+01 2.233544709412962348e+01
2.367582983808182107e+01 2.239049518465627386e+01
2.387856678352122231e+01 2.232756733312647413e+01
2.365047488960061628e+01 2.239834339057185275e+01
2.390389592996533352e+01 2.231968364988794562e+01
2.362511712143171749e+01 2.240618763004279401e+01
2.392922216243248101e+01 2.231179604935665139e+01
2.359975654304024317e+01 2.241402789818771168e+01
2.395454547153039115e+01 2.230390453648129068e+01
2.357439316389782036e+01 2.242186419013141219e+01
2.397986584787345521e+01 2.229600911621650638e+01
2.354902699348255624e+01 2.242969650100496537e+01
2.400518328208290697e+01 2.228810979352304145e+01
2.352365804127902038e+01 2.243752482594565478e+01
2.403049776478669131e+01 2.228020657336758248e+01
2.349828631677823054e+01 2.244534916009699188e+01
2.351515158389355165e+01 2.163298825562608485e+01
2.348992298482881935e+01 2.164081211602875143e+01
2.354037744519689923e+01 2.162516059021588077e+01
2.346469165734139750e+01 2.164863216658134348e+01
2.356560055940644105e+01 2.161732912464656309e+01
2.343945761077623047e+01 2.165644840244727476e+01
2.359082091719605501e+01 2.160949386377246739e+01
2.341422085448450474e+01 2.166426081879584942e+01
2.361603850924591441e+01 2.160165481245373797e+01
2.338898139782360275e+01 2.167206941080232596e+01
2.364125332624253772e+01 2.159381197555644860e+01
2.336373925015710284e+01 2.167987417364790304e+01
2.366646535887878500e+01 2.158596535795246751e+01
2.333849442085480774e+01 2.168767510251983666e+01
2.369167459785387919e+01 2.157811496451952493e+01
2.331324691929260240e+01 2.169547219261125193e+01
2.371688103387344881e+01 2.157026080014105318e+01
2.328799675485254994e+01 2.170326543912134909e+01
2.374208465764950660e+01 2.156240286970648157e+01
2.326274393692281706e+01 2.171105483725533247e+01
2.376728545990050634e+01 2.155454117811084203e+01
2.323748847489767044e+01 2.171884038222443536e+01
2.377652334341770413e+01 2.239598850811513842e+01
2.380187070874042377e+01 2.238812067923492677e+01
2.375117310995104702e+01 2.240385238638100773e+01
2.382721519648598729e+01 2.238024890465882066e+01
2.372582001778030403e+01 2.241171230912025791e+01
2.385255679722783029e+01 2.237237318931138574e+01
2.370046407635191699e+01 2.241956827142668374e+01
2.387789550154603191e+01 2.236449353812328411e+01
2.367510529511893225e+01 2.242742026840033276e+01
2.390323130002738949e+01 2.235660995603128498e+01
2.364974368354095446e+01 2.243526829514735255e+01
2.392856418326536883e+01 2.234872244797818652e+01
2.362437925108414305e+01 2.244311234678015410e+01
2.395389414186017518e+01 2.234083101891289047e+01
2.359901200722117665e+01 2.245095241841729816e+01
2.397922116641877466e+01 2.233293567379033817e+01
2.357364196143124957e+01 2.245878850518361602e+01
2.349069160175819349e+01 2.160388767626377415e+01
2.351591360928232888e+01 2.159606373555204684e+01
2.346546686693453054e+01 2.161170781578423572e+01
2.354113288017567029e+01 2.158823599849140251e+01
2.344023941414886281e+01 2.161952414927699806e+01
2.356634940511320053e+01 2.158040446993001993e+01
2.341500925274497291e+01 2.162733667191159270e+01
2.359156317477619424e+01 2.157256915472198600e+01
2.338977639207277903e+01 2.163514537886336342e+01
2.361677417985223926e+01 2.156473005772728158e+01
2.336454084148845567e+01 2.164295026531370070e+01
2.364198241103522946e+01 2.155688718381160385e+01
2.333930261035431286e+01 2.165075132644989964e+01
2.366718785902541811e+01 2.154904053784661144e+01
2.331406170803881750e+01 2.165854855746524166e+01
2.369239051452941425e+01 2.154119012470965444e+01
2.328881814391657201e+01 2.166634195355898385e+01
2.380117910200813114e+01 2.242504620574754171e+01
2.377582507616660479e+01 2.243291389187512763e+01
2.382653024903536476e+01 2.241717456525467611e+01
2.375046818095153256e+01 2.244077761871887233e+01
2.385187850781420238e+01 2.240929897532123505e+01
2.372510842581030488e+01 2.244863738136637110e+01
2.387722386891722337e+01 2.240141944087804049e+01
2.369974582019690956e+01 2.245649317491134767e+01
2.390256632292369332e+01 2.239353596686203218e+01
2.367438037357194958e+01 2.246434499445378208e+01
2.392790586041958534e+01 2.238564855821621080e+01
2.364901209540257554e+01 2.247219283509976862e+01
2.349145981967313190e+01 2.156696355992718850e+01
2.346624167407824402e+01 2.157478378147876441e+01
2.351667523909102897e+01 2.155913954584243797e+01
2.344102081163645224e+01 2.158260020566088144e+01
2.354188792300806199e+01 2.155131174406662709e+01
2.341579724168412469e+01 2.159041282764327718e+01
2.356709786210661761e+01 2.154348015944771433e+01
2.339057097356377568e+01 2.159822164260148014e+01
2.359230504707537435e+01 2.153564479683956634e+01
2.336534201662411903e+01 2.160602664571698028e+01
2.361750946860929901e+01 2.152780566110181937e+01
2.334011038022003959e+01 2.161382783217720771e+01
